4.521238592051994576e-02 2.045550004739289836e-03 2.572377162997080968e-01 5.517298874798384246e-03 5.091037362916762954e-02 3.670441228931721218e-03 1.337144165442616661e-01 3.946146095172401447e-01 2.409501717640089372e-03 7.440644772705764555e-03 9.385889063142846545e-02 3.368170858858824963e-03
2.622778025422663195e-02 1.374316170761955697e-02 2.225901123496508982e-01 8.745902120198503771e-03 4.861744468239550393e-02 1.552579020538201807e-02 1.441528086379227080e-01 4.202026532224281685e-01 6.329460286927895800e-03 5.933934961157477476e-03 8.643386229432450940e-02 1.497089277766064114e-03
3.369170180835748957e-02 2.950904943849611602e-03 2.686748687918994460e-01 4.423870137242738761e-03 5.536973629769244287e-02 5.370697321466982171e-03 1.442581680744094985e-01 3.788171309069350845e-01 1.965386992729158382e-03 8.507548225257734534e-03 9.368238872261543115e-02 2.287597777544575321e-03
3.821318582923553114e-02 6.128700425851851992e-03 2.250756558408575636e-01 1.114466187496078974e-02 5.074097414945406836e-02 1.019811527783733886e-02 1.203252160670588850e-01 4.324231732872795830e-01 3.182535666088297591e-03 1.375979987289971916e-02 8.717107694657161288e-02 1.636904761904762161e-03
2.945174536410936211e-02 3.542316689598672651e-03 2.602275590068349187e-01 4.252058777671472757e-03 5.687894971356574625e-02 7.048792742054691036e-03 1.535207548519414433e-01 3.819590319614395435e-01 2.451112155436216931e-03 7.713580335125102411e-03 9.066873166369206205e-02 2.285366738531025878e-03
3.224152820547873666e-02 9.653568251178346743e-03 2.203205433684088665e-01 8.182637247874956221e-03 2.722492966469475598e-02 2.055288917571759452e-02 1.479893826034605342e-01 4.307304201019047096e-01 6.704287527372484838e-03 6.488625088648694757e-03 8.352315357534019491e-02 6.388035189920037403e-03
3.015102612374431432e-02 3.274143862961764306e-03 2.579851864353078783e-01 4.490588760910789456e-03 5.321274768465946575e-02 6.908046564936835311e-03 1.606437626144804898e-01 3.785395376910326015e-01 2.539901809535988816e-03 1.015327130148707679e-02 9.076223693582623209e-02 1.339550215116665048e-03
3.466016100057432714e-02 4.170844650633413406e-03 2.489254271379375549e-01 5.018842075051714764e-03 5.038742574482276554e-02 7.081825156694619011e-03 1.448735251395543155e-01 4.033061162379694697e-01 2.733938026251246829e-03 9.753148422913270055e-03 8.701495842350849552e-02 2.073787984088706036e-03
2.436891589661776408e-02 1.761752078609221672e-02 2.385390221786494180e-01 3.098247783962070328e-03 6.691790045703090162e-02 1.516233766233766531e-02 1.269038597243566380e-01 3.961231214150469637e-01 1.353197278911565061e-03 1.340720538720538771e-02 8.279311587423392182e-02 1.371555555555555896e-02
3.881644254634949304e-02 4.598548606258962348e-03 2.637668383344833334e-01 3.039172416748285761e-03 5.743769395174145448e-02 2.159704572948586282e-03 1.327570005928402075e-01 3.904386470454724867e-01 4.970312772860541357e-03 1.595047759958136135e-02 8.421491814996225067e-02 1.850243410752963657e-03
3.322767175881145146e-02 3.110206868565601728e-03 2.679804014723087824e-01 3.977897113980476303e-03 5.812709049351210550e-02 5.183407028712325171e-03 1.431757697115909889e-01 3.734984338451516894e-01 2.670470360207491314e-03 8.877446849811445814e-03 9.793427176180478921e-02 2.236932735542840681e-03
3.789322718203716467e-02 4.830917874396134168e-03 2.441568632555028151e-01 0.000000000000000000e+00 4.725900801862785439e-02 4.229153539172442189e-03 1.468744400114352366e-01 4.172505630765213636e-01 0.000000000000000000e+00 6.892992590933093820e-03 8.587481884379291608e-02 4.738015607580824129e-03
