0.000000000000000000e+00 7.407407407407407690e-03 3.184828492893008733e-01 0.000000000000000000e+00 2.215053763440860690e-02 0.000000000000000000e+00 1.284985474501603719e-01 3.690937139324236282e-01 0.000000000000000000e+00 0.000000000000000000e+00 1.477002776196324474e-01 6.666666666666667962e-03
8.928571428571428293e-04 5.076164437066692237e-02 2.259006574044168381e-01 0.000000000000000000e+00 6.568305232778917646e-02 2.220057720057720327e-02 1.508527646121630983e-01 3.278700038474474110e-01 0.000000000000000000e+00 1.785714285714285659e-03 1.540527288083679558e-01 0.000000000000000000e+00
2.180156125656932276e-03 3.929164638134738374e-03 3.320511007007818649e-01 2.342427530211749296e-03 4.052139118578382271e-02 4.376665564487109902e-03 1.485915531335549045e-01 2.894570922368092103e-01 1.493223098213906745e-03 6.785197427163778064e-03 1.661660667537093183e-01 2.105961605492560982e-03
0.000000000000000000e+00 0.000000000000000000e+00 2.624999999999999556e-01 0.000000000000000000e+00 4.538690476190475331e-02 0.000000000000000000e+00 7.534722222222221821e-02 4.346726190476189466e-01 2.083333333333332871e-02 0.000000000000000000e+00 1.279265873015872634e-01 3.333333333333332593e-02
1.080313341342752954e-02 4.657287157287157663e-03 3.155365326301102780e-01 2.104377104377104285e-04 4.009420900442010188e-02 7.725276447013945495e-03 1.606395887792085309e-01 2.866810918007541287e-01 3.755503755503755790e-03 2.717652717652717723e-03 1.634335799500731545e-01 3.745706634110800015e-03
8.928571428571428076e-03 2.232142857142857019e-03 2.427639038071368882e-01 0.000000000000000000e+00 3.720238095238094511e-02 1.219715956558061788e-02 1.837021870151569758e-01 3.472334109082229614e-01 0.000000000000000000e+00 0.000000000000000000e+00 1.657402434658073742e-01 0.000000000000000000e+00
2.188588446395453146e-03 4.098272907485981352e-03 2.945624759921544045e-01 1.130368938712515573e-03 4.316041764161844541e-02 5.217719355014706004e-03 1.685616165046148196e-01 3.215361383927013983e-01 2.296807020457402367e-03 5.021422975263886354e-03 1.500540796669092569e-01 2.172092158671619713e-03
3.175320896000183475e-03 4.470697190477412528e-03 3.002967414184654626e-01 1.547403007909812058e-03 3.928550238529251309e-02 6.412388433047540304e-03 1.491231143166520390e-01 3.363287957670786921e-01 1.564978718382591333e-03 5.679816982951877737e-03 1.496522800391985597e-01 2.462960844543295690e-03
2.777777777777777624e-02 0.000000000000000000e+00 1.111111111111111049e-01 0.000000000000000000e+00 3.333333333333333287e-02 0.000000000000000000e+00 2.291666666666666574e-01 3.361111111111110827e-01 0.000000000000000000e+00 0.000000000000000000e+00 2.625000000000000111e-01 0.000000000000000000e+00
3.030303030303030300e-03 0.000000000000000000e+00 2.709039644565960359e-01 0.000000000000000000e+00 3.576839826839826875e-02 0.000000000000000000e+00 1.613616427432216782e-01 3.838301245538087714e-01 0.000000000000000000e+00 0.000000000000000000e+00 1.420752639173691600e-01 3.030303030303030300e-03
4.022568107606423575e-03 2.184275343690889829e-03 3.187268255091125768e-01 2.775097404253410501e-03 3.982859986131988966e-02 5.216028321024364367e-03 1.469928091154729111e-01 2.760797875084609609e-01 3.034010828314975816e-03 3.868183104568496521e-03 1.957265844435718827e-01 1.545230452603307564e-03
1.394230769230768961e-02 3.333333333333332593e-02 4.275317979122325585e-01 0.000000000000000000e+00 5.352564102564101589e-02 0.000000000000000000e+00 1.194537346711259662e-01 3.056032735380561083e-01 0.000000000000000000e+00 0.000000000000000000e+00 4.660991182730311877e-02 0.000000000000000000e+00
