0.000000000000000000e+00 0.000000000000000000e+00 0.000000000000000000e+00 3.508771929824561035e-03 4.285714285714285060e-02 3.333333333333333287e-02 9.523809523809522934e-03 1.860066833751044257e-01 3.099415204678362956e-01 2.070175438596491280e-01 2.619047619047619110e-02 1.816207184628237103e-01
6.849557910456715269e-03 1.210183992493995501e-03 4.248588654518448311e-03 4.574171434275293817e-03 1.078241334912181590e-02 5.227749571234648410e-03 1.038598205195934328e-02 2.802662173491599629e-01 3.503698791768597998e-01 1.371139262223108335e-01 5.061873408812680997e-02 1.383525961994821751e-01
5.141641540771206206e-03 1.405815266184876153e-03 2.391550954179291234e-03 2.575889203199264749e-03 1.373148920756160976e-02 3.621470210883184077e-03 1.362112562917545261e-02 2.835528500489171710e-01 3.363380970285104188e-01 1.503019087005532661e-01 4.500788070272428165e-02 1.423102815073399585e-01
1.666666666666666644e-02 0.000000000000000000e+00 1.000000000000000021e-02 0.000000000000000000e+00 4.047619047619047811e-02 0.000000000000000000e+00 5.555555555555554900e-03 3.717460317460317687e-01 3.202380952380952106e-01 1.299206349206349365e-01 2.428571428571428548e-02 8.111111111111111993e-02
0.000000000000000000e+00 0.000000000000000000e+00 7.575757575757575968e-03 1.010101010101010013e-02 1.948051948051948007e-02 0.000000000000000000e+00 6.118881118881118984e-03 2.737742303250324527e-01 4.278500515131531401e-01 1.085976263783750562e-01 2.484182484182484094e-02 1.216600986654462618e-01
3.048780487804878155e-03 3.048780487804878155e-03 0.000000000000000000e+00 4.878048780487804874e-03 4.471544715447154685e-03 1.478196600147819485e-02 2.032520325203251814e-03 2.710392250026396055e-01 4.026435962411572533e-01 1.147335726604019335e-01 6.407366346390737377e-02 1.152483018336676740e-01
5.364811917077448415e-03 1.761933610592615130e-03 1.997164350524497940e-03 2.245785361253771397e-03 9.589999698645497450e-03 4.056405274912622087e-03 9.635260664012667425e-03 3.113870178651728660e-01 3.126339009238815470e-01 1.706428265628500696e-01 4.614295101561469853e-02 1.245419427554616820e-01
0.000000000000000000e+00 0.000000000000000000e+00 0.000000000000000000e+00 1.136363636363636222e-02 7.575757575757574233e-03 2.272727272727272443e-02 0.000000000000000000e+00 2.617424242424242209e-01 2.719696969696969169e-01 3.037878787878787179e-01 1.325757575757575447e-02 1.075757575757575607e-01
5.973145457238427693e-03 7.089539991300047644e-04 3.273506285049688092e-03 2.689115816662770130e-03 1.135439564681259630e-02 2.968203136383759308e-03 1.123531620756803781e-02 3.015652782138665833e-01 3.195557520934603768e-01 1.549559899827714915e-01 4.744690086546694829e-02 1.382734422955892994e-01
9.347864611022499090e-03 5.313765182186231404e-04 3.111187058555477374e-03 7.894736842105258643e-04 1.050770623139043666e-02 7.227377885272617472e-03 8.442756074335018221e-03 2.751382274989087606e-01 3.454832204116258798e-01 1.605986141338308637e-01 4.733715559179951793e-02 1.314850403008298030e-01
1.151471984805318462e-02 0.000000000000000000e+00 1.543209876543210225e-03 9.259259259259261781e-04 7.289829512051734621e-03 1.028806584362140222e-03 3.619528619528621007e-03 3.185449294109424234e-01 3.383728033646334343e-01 1.371114739170294639e-01 4.647153258264370701e-02 1.335772403582861645e-01
1.476793248945147512e-02 0.000000000000000000e+00 0.000000000000000000e+00 1.898734177215189931e-02 1.983122362869197894e-02 5.801687763713079572e-03 1.297468354430379549e-02 3.023909985935301359e-01 2.874573035965441448e-01 1.603877838055053628e-01 5.688667872212176818e-02 1.205143660839863295e-01
